0.27 0.02 0.24 0.46 0.9591403057086999 
0.46 0.07 0.45 0.01 0.961725938544216 
0.01 0.68 0.11 0.19 0.9603536723291805 
0.16 0.1 0.5 0.23 0.9574356292382331 
0.3 0.07 0.32 0.3 0.96022589174643 
0.56 0.11 0.17 0.15 0.9410618600506602 
0.05 0.35 0.44 0.15 0.9634017507224188 
0.22 0.08 0.38 0.31 0.9628548115630068 
0.03 0.0 0.66 0.3 0.9622572933875356 
0.14 0.72 0.07 0.06 0.9585863531990674 
0.11 0.15 0.45 0.28 0.9609590147859615 
0.16 0.09 0.67 0.07 0.9597778140555175 
0.71 0.09 0.16 0.03 0.9400787993283924 
0.47 0.15 0.18 0.19 0.9410591567452614 
0.17 0.02 0.5 0.3 0.9610975710221837 
0.34 0.16 0.48 0.01 0.9576296326477832 
0.06 0.76 0.14 0.03 0.9586400182737919 
0.36 0.37 0.18 0.09 0.9576236969841502 
0.42 0.19 0.31 0.08 0.9569187548826379 
0.25 0.47 0.18 0.1 0.9580239398104423 
