0.27 0.02 0.24 0.46 0.5299872107554426 
0.46 0.07 0.45 0.01 0.5110851982342123 
0.01 0.68 0.11 0.19 0.510785542454715 
0.16 0.1 0.5 0.23 0.5085913850114628 
0.3 0.07 0.32 0.3 0.5165651274210679 
0.56 0.11 0.17 0.15 0.5089994851527357 
0.05 0.35 0.44 0.15 0.5221023259851504 
0.22 0.08 0.38 0.31 0.5107900786508136 
0.03 0.0 0.66 0.3 0.5227371900669788 
0.14 0.72 0.07 0.06 0.5402888673587409 
0.11 0.15 0.45 0.28 0.5263878387253219 
0.16 0.09 0.67 0.07 0.49853353090357994 
0.71 0.09 0.16 0.03 0.5058166546745779 
0.47 0.15 0.18 0.19 0.4946137065814185 
0.17 0.02 0.5 0.3 0.5214090009758329 
0.34 0.16 0.48 0.01 0.5210653355129753 
0.06 0.76 0.14 0.03 0.4934413835739048 
0.36 0.37 0.18 0.09 0.531380284859179 
0.42 0.19 0.31 0.08 0.518411508569488 
0.25 0.47 0.18 0.1 0.4959095185073859 
