Fold = 1 Jacard : 0.6440259119905729 Dice Coef : 0.7553388683108039 Avg. Precision : 0.7941766552157291  
Fold = 2 Jacard : 0.7771825747285844 Dice Coef : 0.8623404507136787 Avg. Precision : 0.8514985608793847  
