Fold = 1 Jacard : 0.7885217778157718 Dice Coef : 0.8611421891844564 Avg. Precision : 0.8500983618949446  
Fold = 2 Jacard : 0.8682348270087227 Dice Coef : 0.9278488637180022 Avg. Precision : 0.877775913686615  
