0.27 0.02 0.24 0.46 0.9571605869190353 
0.46 0.07 0.45 0.01 0.9576754058033373 
0.01 0.68 0.11 0.19 0.9556489076952928 
0.16 0.1 0.5 0.23 0.9588251228521396 
0.3 0.07 0.32 0.3 0.9575200391997488 
0.56 0.11 0.17 0.15 0.9452372175178225 
0.05 0.35 0.44 0.15 0.9596355936195201 
0.22 0.08 0.38 0.31 0.9584428745890409 
0.03 0.0 0.66 0.3 0.9588607778107853 
0.14 0.72 0.07 0.06 0.9556564155166202 
0.11 0.15 0.45 0.28 0.9580501289385578 
0.16 0.09 0.67 0.07 0.9590797903854956 
0.71 0.09 0.16 0.03 0.9434120432007533 
0.47 0.15 0.18 0.19 0.946239286428368 
0.17 0.02 0.5 0.3 0.9578683118299969 
0.34 0.16 0.48 0.01 0.9578310523236737 
0.06 0.76 0.14 0.03 0.9560046543868077 
0.36 0.37 0.18 0.09 0.9578594632207874 
0.42 0.19 0.31 0.08 0.9574780068340751 
0.25 0.47 0.18 0.1 0.9565402944708189 
