Fold = 1 Jacard : 0.4708239038457286 Dice Coef : 0.5525688818093374 Avg. Precision : 0.469736535706191  
Fold = 2 Jacard : 0.4687336804613373 Dice Coef : 0.562337644772087 Avg. Precision : 0.46477058656123854  
Fold = 3 Jacard : 0.4481008068513485 Dice Coef : 0.5295393346263247 Avg. Precision : 0.44632160029958495  
