Fold = 0 Jacard : 0.4914886234203527 Dice Coef : 0.5804960442979087 Avg. Precision : 0.4890226716662872  
Fold = 0 Jacard : 0.4957634114193919 Dice Coef : 0.589589509161688 Avg. Precision : 0.4924897240880113  
