0.27 0.02 0.24 0.46 0.8885228414632591 
0.46 0.07 0.45 0.01 0.8874338524389811 
0.01 0.68 0.11 0.19 0.879196774842427 
0.16 0.1 0.5 0.23 0.8867052654204148 
0.3 0.07 0.32 0.3 0.8821713692480992 
0.56 0.11 0.17 0.15 0.8826355063516541 
0.05 0.35 0.44 0.15 0.8889825291247767 
0.22 0.08 0.38 0.31 0.8871777233920766 
0.03 0.0 0.66 0.3 0.8881884540360916 
0.14 0.72 0.07 0.06 0.8849661173037168 
0.11 0.15 0.45 0.28 0.8855579353304524 
0.16 0.09 0.67 0.07 0.8862413190798855 
0.71 0.09 0.16 0.03 0.8708571206482347 
0.47 0.15 0.18 0.19 0.884413680048364 
0.17 0.02 0.5 0.3 0.8908314019477107 
0.34 0.16 0.48 0.01 0.8827969445358844 
0.06 0.76 0.14 0.03 0.8839347394165724 
0.36 0.37 0.18 0.09 0.8850776955485309 
0.42 0.19 0.31 0.08 0.882911837888123 
0.25 0.47 0.18 0.1 0.8882497866691075 
0.36 0.37 0.18 0.09 0.8853527051295809 
0.42 0.19 0.31 0.08 0.8885303135782776 
0.25 0.47 0.18 0.1 0.887389569046808 
