0.27 0.02 0.24 0.46 0.7724311123588237 
0.46 0.07 0.45 0.01 0.7634347933794295 
0.01 0.68 0.11 0.19 0.7696594834097249 
0.16 0.1 0.5 0.23 0.7696167548651246 
0.3 0.07 0.32 0.3 0.7751761774826398 
0.56 0.11 0.17 0.15 0.7633744948884807 
0.05 0.35 0.44 0.15 0.7644110129739665 
0.22 0.08 0.38 0.31 0.7630230758411872 
0.03 0.0 0.66 0.3 0.7684256599898623 
0.14 0.72 0.07 0.06 0.7631379521167766 
0.11 0.15 0.45 0.28 0.7654397598963844 
0.16 0.09 0.67 0.07 0.7710381313687228 
0.71 0.09 0.16 0.03 0.7767297800313494 
0.47 0.15 0.18 0.19 0.7729843421641432 
0.17 0.02 0.5 0.3 0.7588967684465204 
0.34 0.16 0.48 0.01 0.7569464893490375 
0.06 0.76 0.14 0.03 0.7725191827508071 
0.36 0.37 0.18 0.09 0.7735103648985152 
0.42 0.19 0.31 0.08 0.7761976535940353 
0.25 0.47 0.18 0.1 0.7737452497842461 
