0.27 0.02 0.24 0.46 0.9576437989471773 
0.46 0.07 0.45 0.01 0.9605022871504583 
0.01 0.68 0.11 0.19 0.9577623949083827 
0.16 0.1 0.5 0.23 0.9596215418328818 
0.3 0.07 0.32 0.3 0.9602357714771534 
0.56 0.11 0.17 0.15 0.9450214022437896 
0.05 0.35 0.44 0.15 0.9602451997440603 
0.22 0.08 0.38 0.31 0.9582768361403967 
0.03 0.0 0.66 0.3 0.9592630803168372 
0.14 0.72 0.07 0.06 0.9580700938570869 
0.11 0.15 0.45 0.28 0.9585676731514584 
0.16 0.09 0.67 0.07 0.9595045369959572 
0.71 0.09 0.16 0.03 0.9434954954704805 
0.47 0.15 0.18 0.19 0.9475680508841483 
0.17 0.02 0.5 0.3 0.9593494810006865 
0.34 0.16 0.48 0.01 0.9579401143442107 
0.06 0.76 0.14 0.03 0.9582396092021904 
0.36 0.37 0.18 0.09 0.9584975804277633 
0.42 0.19 0.31 0.08 0.9605166933379665 
0.25 0.47 0.18 0.1 0.954177660630861 
