0.27 0.02 0.24 0.46 0.9440468711022517 
0.46 0.07 0.45 0.01 0.95433316196771 
0.01 0.68 0.11 0.19 0.9421798417749361 
0.16 0.1 0.5 0.23 0.9392264401064131 
0.27 0.02 0.24 0.46 0.9629581320239254 
0.46 0.07 0.45 0.01 0.96118620773632 
0.01 0.68 0.11 0.19 0.9585343492057283 
0.16 0.1 0.5 0.23 0.9616855076534516 
0.3 0.07 0.32 0.3 0.9382729994010194 
0.56 0.11 0.17 0.15 0.9396066048520366 
0.05 0.35 0.44 0.15 0.9611409981158957 
0.22 0.08 0.38 0.31 0.9618934653815499 
0.03 0.0 0.66 0.3 0.9627388157685 
0.14 0.72 0.07 0.06 0.959328520610681 
0.11 0.15 0.45 0.28 0.9625320550816641 
0.16 0.09 0.67 0.07 0.961244713336299 
0.71 0.09 0.16 0.03 0.9344404898157488 
0.47 0.15 0.18 0.19 0.940196494544939 
0.17 0.02 0.5 0.3 0.9611966783379156 
0.34 0.16 0.48 0.01 0.9619653977001899 
