0.27 0.02 0.24 0.46 0.48469919191039645 
0.46 0.07 0.45 0.01 0.46764041111248317 
0.01 0.68 0.11 0.19 0.45277938813773333 
0.16 0.1 0.5 0.23 0.4615255747964743 
0.3 0.07 0.32 0.3 0.44295064602809864 
0.56 0.11 0.17 0.15 0.46073449862509486 
0.05 0.35 0.44 0.15 0.46307512771274345 
0.22 0.08 0.38 0.31 0.42758694197901886 
0.03 0.0 0.66 0.3 0.44541823327783253 
0.14 0.72 0.07 0.06 0.4418243697170108 
0.11 0.15 0.45 0.28 0.4599186803517434 
0.16 0.09 0.67 0.07 0.4716677933409842 
0.71 0.09 0.16 0.03 0.44559208048221804 
0.47 0.15 0.18 0.19 0.47469946323512363 
0.17 0.02 0.5 0.3 0.4861477965945559 
0.34 0.16 0.48 0.01 0.47993640460678544 
0.06 0.76 0.14 0.03 0.4649998720466395 
0.36 0.37 0.18 0.09 0.49612870582692414 
0.42 0.19 0.31 0.08 0.46855108626841874 
0.25 0.47 0.18 0.1 0.47530459753438237 
