
<|smash-2|> 

Dice = 92.02808109105382 +/- 1.9018172812666816 
Jacard = 86.07230264015723 +/- 2.7336150579863454 
Precision = 87.92763599353049 +/- 2.5997213344713197

