Fold = 1 Jacard : 0.30200693160836534 Dice Coef : 0.35516699595124274 Avg. Precision : 0.3425775322971082  
Fold = 2 Jacard : 0.5921697781516407 Dice Coef : 0.6792948075971383 Avg. Precision : 0.5896955214246821  
