0.27 0.02 0.24 0.46 0.8372852530603607 
0.46 0.07 0.45 0.01 0.8406500459900531 
0.01 0.68 0.11 0.19 0.8452857696807163 
0.16 0.1 0.5 0.23 0.8353196167225383 
0.3 0.07 0.32 0.3 0.8565967227981893 
0.56 0.11 0.17 0.15 0.8358852407369664 
0.05 0.35 0.44 0.15 0.8409874201140749 
0.22 0.08 0.38 0.31 0.8481406385490052 
0.03 0.0 0.66 0.3 0.8436802820504121 
0.14 0.72 0.07 0.06 0.8399939390369914 
0.11 0.15 0.45 0.28 0.837742545461089 
0.16 0.09 0.67 0.07 0.8455317789932731 
0.71 0.09 0.16 0.03 0.834739038513073 
0.47 0.15 0.18 0.19 0.8388622488595887 
0.17 0.02 0.5 0.3 0.8362441071665699 
0.34 0.16 0.48 0.01 0.844479746705824 
0.06 0.76 0.14 0.03 0.8422619697528276 
0.36 0.37 0.18 0.09 0.8474324176324449 
0.42 0.19 0.31 0.08 0.8518132568280826 
0.25 0.47 0.18 0.1 0.8488121000813681 
